0 0.315625 0.225000 0.046875 0.037500
0 0.375781 0.167187 0.035937 0.043750
0 0.343750 0.159375 0.037500 0.053125
0 0.264844 0.127344 0.029687 0.051562
0 0.288281 0.135937 0.045312 0.040625
0 0.367969 0.109375 0.042188 0.018750
0 0.324219 0.111719 0.023438 0.023438
0 0.317188 0.225781 0.034375 0.029687
0 0.345313 0.163281 0.031250 0.035937
0 0.373437 0.169531 0.025000 0.039062
0 0.265625 0.128125 0.025000 0.034375
0 0.283594 0.118750 0.020313 0.034375
0 0.286719 0.137500 0.035937 0.028125
0 0.366406 0.107813 0.035937 0.015625
0 0.328906 0.111719 0.020313 0.023438
0 0.305469 0.111719 0.032813 0.020313
